0.687304
0.0761874
0.0094296
0.00311225
0.00533653
0.00339791
0.00423412
0.0055539
0.00286619
0.00350559
0.00417563
0.00458868
0.00526365
0.00575823
0.0016374
0.00182347
0.00200736
0.00219745
0.00238189
0.00257034
0.00275678
0.00293988
0.0031171
0.00144552
0.00153848
0.00162676
0.00171166
0.00177331
0.00186094
0.00194813
0.00196023
0.00204319
0.00212272
0.00209176
0.00216443
0.00223734
0.00230784
0.00236132
0.00242751
0.00235128
0.0023229
0.00237784
0.00243255
0.00246537
0.00251361
0.00192829
0.00196855
0.00200303
0.00204183
0.00158483
0.00161568
0.00165439
0.00169006
0.00171002
0.00174927
0.00175636
0.00179263
0.00182642
0.00185917
0.0018945
0.00192817
0.00195441
0.00198386
0.00201332
0.00201855
0.00201409
0.00203712
0.00203357
0.0020556
0.00201077
0.00202994
0.0020497
0.00202538
0.00204484
0.00205056
0.00206138
0.00207952
0.00205831
0.000917041
0.00092043
0.000924227
0.000927477
0.000924403
0.000926768
0.000912499
0.000905445
0.000899718
0.000873156
0.000874338
0.000875065
0.000875334
0.000875145
0.000874481
0.000866272
0.000864871
0.000862134
0.000825746
0.00082385
0.000818529
0.00081585
0.000812745
0.000743444
0.000710806
0.000642837
0.000642343
0.000641479
0.000640334
0.000638903
0.000634983
0.000633053
0.000630845
0.000628357
0.00062559
0.000622544
0.000619218
0.000615614
0.000578698
0.000575418
0.000571887
0.000568105
0.000563018
0.00052798
0.000524378
0.00052055
0.000514119
0.000509911
0.000505479
0.000482284
0.00047796
0.000473432
0.000465523
0.00046068
0.000455642
0.000450409
0.000444984
0.000439365
0.000433564
0.000427579
0.000406174
0.000400333
0.000394248
0.000388
0.000381591
0.000375026
0.000368306
0.000361433
0.000354407
0.000347229
0.000339897
0.000332411
0.000324773
0.000250788
4.68932e-05
4.67697e-05
4.66352e-05
4.64896e-05
4.63331e-05
4.61655e-05
4.5987e-05
4.57976e-05
4.55971e-05
4.53824e-05
4.51603e-05
4.49273e-05
4.46835e-05
4.44289e-05
4.41636e-05
4.38876e-05
4.3601e-05
4.33038e-05
4.2996e-05
4.26778e-05
4.23492e-05
4.20104e-05
4.16612e-05
4.1302e-05
4.09327e-05
4.05534e-05
4.01643e-05
3.97654e-05
3.93568e-05
3.89388e-05
3.85113e-05
3.80745e-05
3.76286e-05
3.71737e-05
3.67099e-05
3.62374e-05
3.57564e-05
3.5267e-05
3.47693e-05
3.42637e-05
3.37501e-05
3.3229e-05
3.27004e-05
3.21645e-05
3.16217e-05
3.1072e-05
3.05159e-05
2.99534e-05
2.93849e-05
2.88106e-05
2.82309e-05
2.7646e-05
2.70561e-05
2.64617e-05
2.5863e-05
2.52604e-05
2.46541e-05
2.40444e-05
2.34317e-05
2.28163e-05
2.21983e-05
2.15778e-05
2.09548e-05
2.03292e-05
1.97007e-05
1.9069e-05
1.84694e-05
1.57542e-08
1.56445e-08
1.55325e-08
1.54181e-08
1.53013e-08
1.51822e-08
1.50608e-08
1.49371e-08
1.48111e-08
1.46829e-08
1.45524e-08
1.44198e-08
1.42849e-08
1.41479e-08
1.40088e-08
1.38676e-08
1.37243e-08
1.3579e-08
1.34317e-08
1.32824e-08
1.31311e-08
1.2978e-08
1.2823e-08
1.26661e-08
1.25074e-08
1.2347e-08
1.21848e-08
1.2021e-08
1.18555e-08
1.16885e-08
1.15198e-08
1.13497e-08
1.11781e-08
1.1005e-08
1.08306e-08
1.06549e-08
1.0478e-08
1.02998e-08
1.01205e-08
9.94004e-09
9.75859e-09
9.57616e-09
9.39283e-09
9.20866e-09
9.02371e-09
8.83806e-09
8.65178e-09
8.46493e-09
8.27762e-09
8.0899e-09
7.90186e-09
7.71358e-09
7.52514e-09
7.33662e-09
7.1481e-09
6.95963e-09
6.77126e-09
6.58304e-09
6.39493e-09
6.20692e-09
6.01895e-09
5.83085e-09
2.43805e-09
2.3728e-09
2.30763e-09
2.24257e-09
2.17766e-09
2.11291e-09
2.04834e-09
1.98393e-09
1.91969e-09
1.85557e-09
1.79153e-09
1.7276e-09
3.10913e-15
-8.25055e-24
2.20125e-32
-5.84061e-41
0
-0
0
