0.282901
0.036541
0.0426029
0.0350544
0.0484193
0.0210068
0.027002
0.032842
0.0147747
0.016826
0.0182968
0.019194
0.021015
0.0210279
0.0212455
0.0173263
0.0184018
0.0152037
0.0160602
0.0167272
0.0175407
0.0182829
0.0183188
0.0179445
0.018087
0.0183283
0.00852972
0.00862024
0.00842698
0.00807488
0.00809092
0.00801188
0.00767574
0.00758074
0.00660733
0.00603651
0.00596621
0.00589101
0.00579184
0.00532398
0.00482951
0.00471813
0.00440879
0.00428586
0.00412202
0.00396735
0.00361877
0.00345011
0.00326875
0.00307519
0.00228134
0.000378696
0.000375084
0.000370674
0.000365443
0.000359454
0.000352686
0.000345151
0.000336864
0.000327841
0.000318105
0.000307679
0.000296591
0.000284874
0.000272563
0.000259701
0.000246333
0.000232513
0.000218299
0.000203757
0.000188955
0.00017395
0.000158758
1.27522e-07
1.24795e-07
1.21897e-07
1.18832e-07
1.15606e-07
1.12224e-07
1.08692e-07
1.05017e-07
1.01206e-07
9.72675e-08
9.32101e-08
8.90434e-08
8.4778e-08
8.04253e-08
7.59981e-08
7.15102e-08
6.6977e-08
6.2415e-08
5.78419e-08
5.32724e-08
4.87106e-08
1.92092e-08
1.76313e-08
1.60647e-08
1.45088e-08
4.76994e-23
0
