0.813811
0.00704605
0.00976329
0.00853324
0.0125394
0.00536787
0.00698586
0.00858499
0.00387348
0.00442812
0.00483244
0.00509016
0.00561067
0.00560957
0.00573072
0.00463945
0.00490059
0.00406604
0.00429355
0.0044799
0.00471195
0.00490958
0.0049188
0.0048379
0.00486639
0.00493118
0.00229875
0.00232492
0.00229454
0.00217937
0.00218516
0.00216509
0.00207491
0.00205046
0.00178605
0.00163167
0.00161346
0.00159393
0.00156791
0.00144132
0.00140722
0.00127783
0.00124034
0.00116524
0.00111767
0.00107629
0.000977554
0.000936791
0.000888066
0.000836024
0.000780492
0.00010236
0.000101404
0.000100231
9.88353e-05
9.72339e-05
9.54211e-05
9.34e-05
9.11744e-05
8.87492e-05
8.61298e-05
8.33229e-05
8.03359e-05
7.71775e-05
7.38574e-05
7.03868e-05
6.67784e-05
6.30462e-05
5.92062e-05
5.52759e-05
5.12739e-05
4.72163e-05
4.31082e-05
3.44789e-08
3.37435e-08
3.29615e-08
3.21343e-08
3.12633e-08
3.03499e-08
2.93958e-08
2.84029e-08
2.7373e-08
2.63084e-08
2.52115e-08
2.40849e-08
2.29314e-08
2.17541e-08
2.05565e-08
1.93424e-08
1.81158e-08
1.68814e-08
1.56439e-08
1.44073e-08
1.31728e-08
5.19306e-09
4.76602e-09
4.34204e-09
3.92097e-09
-1.6483e-23
0
