0.69349
0.0750278
0.0108681
0.00279919
0.00479996
0.00310879
0.00388753
0.00509773
0.00274755
0.00336089
0.00400315
0.00433192
0.00497061
0.00544604
0.00182501
0.0020306
0.00223292
0.00244221
0.00264598
0.00285256
0.00305633
0.00325583
0.00344821
0.00142645
0.0015175
0.00160295
0.00168452
0.00173787
0.00182317
0.00190783
0.00190297
0.00198292
0.00205926
0.00201112
0.00208056
0.00215018
0.00221754
0.00226955
0.00233269
0.00222735
0.00217857
0.00223071
0.0022825
0.00230923
0.00235511
0.0018377
0.00187545
0.00190646
0.0019433
0.00153987
0.00156634
0.00160314
0.00163709
0.00165652
0.00169344
0.0017026
0.00173562
0.00176737
0.00179808
0.00183084
0.00186238
0.00188525
0.00191255
0.00193972
0.00193997
0.00192828
0.00194798
0.0019382
0.00195672
0.00191753
0.0019333
0.00195121
0.00193015
0.00194709
0.00194831
0.00195783
0.00197375
0.00195427
0.00090256
0.000905884
0.000909631
0.000912826
0.000910347
0.000912664
0.000899766
0.000893778
0.000888868
0.000856568
0.000857772
0.00085853
0.000858839
0.000858699
0.000858128
0.000850744
0.0008494
0.00084915
0.000814307
0.000812394
0.000807395
0.000804701
0.000801584
0.000739605
0.000701152
0.000640789
0.000639651
0.000638556
0.000637178
0.000635511
0.000631597
0.000629419
0.000626959
0.000624217
0.000621193
0.000617888
0.000614302
0.000610439
0.000569578
0.000566125
0.000562421
0.000558467
0.000553094
0.000511696
0.00050811
0.000504304
0.000498185
0.000493983
0.00048959
0.000468489
0.000464149
0.000459608
0.000451061
0.000446233
0.000441214
0.000436007
0.000430613
0.000425031
0.000419271
0.000413333
0.000391625
0.000383276
0.000377339
0.000371248
0.000365003
0.000358609
0.000352068
0.000345381
0.000338549
0.000331572
0.000324448
0.000317177
0.000309797
0.000222878
4.16627e-05
4.15523e-05
4.14329e-05
4.13038e-05
4.11649e-05
4.10162e-05
4.08577e-05
4.06895e-05
4.05116e-05
4.03216e-05
4.01239e-05
3.9917e-05
3.97006e-05
3.94746e-05
3.9239e-05
3.8994e-05
3.87395e-05
3.84756e-05
3.82024e-05
3.79199e-05
3.76281e-05
3.73272e-05
3.70172e-05
3.66982e-05
3.63703e-05
3.60335e-05
3.56879e-05
3.53337e-05
3.4971e-05
3.45997e-05
3.42201e-05
3.38322e-05
3.34363e-05
3.30323e-05
3.26204e-05
3.22008e-05
3.17736e-05
3.1339e-05
3.0897e-05
3.04479e-05
2.99919e-05
2.9529e-05
2.90596e-05
2.85837e-05
2.81015e-05
2.76134e-05
2.71194e-05
2.66199e-05
2.61149e-05
2.56049e-05
2.509e-05
2.45704e-05
2.40465e-05
2.35186e-05
2.29868e-05
2.24515e-05
2.19129e-05
2.13714e-05
2.08272e-05
2.02806e-05
1.97316e-05
1.91804e-05
1.86271e-05
1.80714e-05
1.75131e-05
1.6952e-05
1.65131e-05
1.39987e-08
1.39007e-08
1.38012e-08
1.36996e-08
1.3596e-08
1.34902e-08
1.33824e-08
1.32725e-08
1.31607e-08
1.30468e-08
1.29309e-08
1.28131e-08
1.26934e-08
1.25717e-08
1.24482e-08
1.23228e-08
1.21955e-08
1.20665e-08
1.19356e-08
1.1803e-08
1.16687e-08
1.15327e-08
1.1395e-08
1.12557e-08
1.11148e-08
1.09723e-08
1.08283e-08
1.06828e-08
1.05358e-08
1.03874e-08
1.02377e-08
1.00866e-08
9.93413e-09
9.78046e-09
9.62557e-09
9.46951e-09
9.31233e-09
9.15407e-09
8.99479e-09
8.83454e-09
8.67337e-09
8.51133e-09
8.34849e-09
8.1849e-09
8.02062e-09
7.85572e-09
7.69024e-09
7.52428e-09
7.35789e-09
7.19114e-09
7.02411e-09
6.85685e-09
6.68946e-09
6.52199e-09
6.35452e-09
6.18709e-09
6.01976e-09
5.85255e-09
5.68545e-09
5.51843e-09
5.35145e-09
5.18412e-09
2.16744e-09
2.10947e-09
2.05158e-09
1.99379e-09
1.93612e-09
1.8786e-09
1.82123e-09
1.76401e-09
1.70694e-09
1.64998e-09
1.59309e-09
1.53633e-09
1.48043e-14
-3.91115e-23
1.03325e-31
-2.72952e-40
0
-0
0
