0.277756
0.040662
0.046118
0.0358426
0.0504029
0.0177321
0.0228621
0.0279171
0.014568
0.016719
0.0184068
0.0195525
0.0214172
0.0218463
0.0224036
0.0178625
0.019004
0.0153315
0.0162191
0.0169018
0.0177847
0.0185826
0.0188011
0.0185012
0.0186534
0.0189826
0.00842794
0.00851733
0.00829437
0.00801228
0.00802667
0.00793877
0.00756525
0.00746996
0.00651151
0.00587847
0.00581607
0.00575239
0.00566577
0.00526455
0.00486688
0.00476
0.00442884
0.00431577
0.00416165
0.00401089
0.00370719
0.00353864
0.00335702
0.0031628
0.00250303
0.000428515
0.000424428
0.000419438
0.000413519
0.000406742
0.000399084
0.000390558
0.00038118
0.000370971
0.000359954
0.000348156
0.00033561
0.000322351
0.000308421
0.000293866
0.00027874
0.000263102
0.000247018
0.000230563
0.000213813
0.000196834
0.000179643
1.44299e-07
1.41213e-07
1.37933e-07
1.34465e-07
1.30814e-07
1.26987e-07
1.22991e-07
1.18832e-07
1.1452e-07
1.10064e-07
1.05472e-07
1.00758e-07
9.5931e-08
9.10057e-08
8.59961e-08
8.09178e-08
7.57882e-08
7.06261e-08
6.54513e-08
6.02807e-08
5.51188e-08
2.17363e-08
1.99508e-08
1.81781e-08
1.64175e-08
5.39746e-23
0
